Exercise9.24
R Code
b<-1000
n<-50
Alpha<-0
Beta<-1

Coe<-replicate((b=1000),expr ={# b is the number of iteration
#generate data
u<-rnorm(n,0,1) #error
x<-runif(n,0,1) #independent variable
y<-Alpha+x*Beta+u #dependent variable
data<-data.frame(y,x)
ols_i<-lm(y~x,data=data, replace = T)

model_summary_i<-summary(ols_i)
beta<-model_summary_i$coefficients[2,1]
alpha<-model_summary_i$coefficients[1,1]
SE<-model_summary_i$coefficients[2,2]
value<-c(beta,alpha)
names(value) <- c("beta","alpha")
value
 return(value)
})
Coe
rbind(SE)
beta1<-Coe[1,]
theta<-exp(beta1)
Ebeta1<-mean(beta1)
Etheta<-mean(theta)
bias_unbia<-Ebeta1-Beta

   Coe
            [,1]       [,2]       [,3]      [,4]      [,5]      [,6]      [,7]
beta   1.4117795 -0.1040467  1.2409236 0.8454057 0.7875176  1.839033 0.6198283
alpha -0.1710914  0.3036483 -0.4161746 0.2649706 0.1982682 -0.557282 0.3570408
            [,8]        [,9]      [,10]      [,11]     [,12]      [,13]
beta   1.6931249  0.98997175 1.13271563  1.3368719  1.151449  1.2467211
alpha -0.2153033 -0.05444962 0.06652384 -0.1858769 -0.280863 -0.2782065
           [,14]      [,15]     [,16]      [,17]        [,18]     [,19]
beta   1.3137691  1.3949776 0.4510146  2.0011128 -0.009957794  1.508785
alpha -0.1115572 -0.2770831 0.3799308 -0.4771905  0.389420349 -0.218804
           [,20]     [,21]      [,22]      [,23]     [,24]    [,25]
beta  1.20429188 0.6604335 0.79493233 0.80166095 0.5430775 1.011567
alpha 0.06051056 0.3405950 0.01549595 0.09924977 0.2517168 0.168746
             [,26]     [,27]      [,28]      [,29]      [,30]     [,31]
beta   1.143788032 0.2890595  1.2261505  1.2621655 0.72699933 0.5429449
alpha -0.006591871 0.4273416 -0.2405042 -0.1003675 0.09456041 0.5235753
            [,32]     [,33]      [,34]     [,35]     [,36]     [,37]     [,38]
beta   0.88697082 0.8250114  0.9376287 0.6464232  1.500794 1.3567790 0.7920419
alpha -0.05048473 0.0389834 -0.0392014 0.1476482 -0.101005 0.1332899 0.2326928
            [,39]     [,40]       [,41]      [,42]      [,43]     [,44]
beta   1.57271497 0.1921865  1.18147181  1.9002925 0.02396246 0.1421251
alpha -0.07451493 0.2159999 -0.03970096 -0.2864286 0.63616559 0.4667954
           [,45]     [,46]      [,47]      [,48]      [,49]     [,50]     [,51]
beta   1.2766742 0.3389471  1.4909408  1.2044991  1.4909181 0.1374221 0.3637615
alpha -0.2894364 0.4428613 -0.2332048 -0.0787949 -0.4204918 0.5325689 0.3485932
           [,52]     [,53]     [,54]     [,55]       [,56]      [,57]     [,58]
beta   1.0425170 0.7709217 0.1219704 0.1399474 -0.06243245  1.9974014 1.0310739
alpha -0.2353279 0.2983091 0.3462275 0.3682287  0.61402378 -0.6469767 0.4788422
           [,59]      [,60]      [,61]     [,62]     [,63]     [,64]      [,65]
beta   1.0647725  1.3755065  1.4804474 0.7258396 0.6147293 0.2209551  1.5456294
alpha -0.1562112 -0.2093219 -0.2303297 0.1634877 0.3351283 0.3505790 -0.3507778
           [,66]      [,67]     [,68]      [,69]      [,70]     [,71]
beta   1.6186207 1.04555154 0.5666439  1.6606859  1.5745367 0.5867476
alpha -0.3481846 0.03707004 0.2475153 -0.2843458 -0.3006373 0.1420168
           [,72]       [,73]      [,74]     [,75]       [,76]      [,77]
beta  0.69690087  0.94397744  1.9453302 0.7608602  1.05425803  1.7033056
alpha 0.03994594 -0.04337856 -0.4840837 0.1888227 -0.07227181 -0.6726379
           [,78]       [,79]      [,80]       [,81]     [,82]     [,83]
beta   1.2606929  1.16850438 1.00404475 -0.02419528 0.2785924 0.6115298
alpha -0.2028864 -0.06457197 0.06356258  0.58455746 0.2737938 0.2223152
          [,84]      [,85]     [,86]      [,87]     [,88]      [,89]     [,90]
beta  0.6261235 0.37785973 0.1915039  1.1920680 0.6069142 0.95061526 0.8037840
alpha 0.2285343 0.03958871 0.3887662 -0.4103852 0.3563773 0.03597174 0.1592384
          [,91]      [,92]      [,93]      [,94]      [,95]       [,96]
beta  0.9239679  1.8647066  0.6388199  2.1322837  1.6440223  1.14733271
alpha 0.2364875 -0.5552485 -0.1142245 -0.6290662 -0.4942292 -0.09171895
          [,97]     [,98]       [,99]     [,100]     [,101]    [,102]    [,103]
beta  0.1901888 0.6301748 -0.06413796  1.5179968  0.9971326  1.110675 0.4473105
alpha 0.3047030 0.1513688  0.60245109 -0.3994021 -0.0805751 -0.327263 0.2334818
         [,104]     [,105]    [,106]      [,107]    [,108]    [,109]     [,110]
beta   1.065337  1.8780443 0.8949284  0.51455690 1.1475997 0.9809286  1.2865997
alpha -0.165956 -0.6959463 0.1230495 -0.02849525 0.2468982 0.1285565 -0.1958079
           [,111]      [,112]     [,113]      [,114]    [,115]    [,116]
beta   1.17943284  1.47483807  1.3509362  1.29359907 0.6799705 0.5866504
alpha -0.09533674 -0.09657245 -0.1849703 -0.07445831 0.4681671 0.3155782
         [,117]     [,118]     [,119]     [,120]    [,121]     [,122]
beta  0.5593693  1.3880879  1.8627793  1.2227341 0.6023393 1.07426571
alpha 0.2490861 -0.2097459 -0.2173431 -0.2879931 0.2317972 0.01000262
           [,123]    [,124]     [,125]     [,126]     [,127]     [,128]
beta   0.94373299 0.4992155  1.3840088 -0.2841709  1.7853359  0.9313750
alpha -0.01419144 0.1642274 -0.4769957  0.5614043 -0.3530378 -0.1647525
           [,129]     [,130]      [,131]     [,132]     [,133]     [,134]
beta   1.18619444  1.5101440  1.11932446  1.4573673  1.1622087  1.6038962
alpha -0.05353292 -0.1517872 -0.07939391 -0.2905282 -0.2155239 -0.2446142
         [,135]      [,136]    [,137]     [,138]     [,139]     [,140]
beta  0.9002669  1.28957639 0.3339503  1.1031310  1.5645888  1.4083862
alpha 0.1168998 -0.03424798 0.3747397 -0.2093456 -0.5670924 -0.3817667
          [,141]    [,142]     [,143]      [,144]      [,145]     [,146]
beta  0.82078073 0.4183335  1.8099767  1.54330822  1.51202344  1.0758007
alpha 0.07432963 0.3992538 -0.3536866 -0.07904559 -0.02505529 -0.1314762
          [,147]     [,148]    [,149]     [,150]    [,151]      [,152]
beta  0.83179580 -0.3345030 1.0301568  1.4044663 0.1797911  1.11565241
alpha 0.08718236  0.7676346 0.0261075 -0.1452974 0.1676786 -0.03200711
          [,153]     [,154]     [,155]    [,156]    [,157]      [,158]
beta   1.0652603  1.4824711  1.2140938 0.1591967 0.3824793 -0.09722776
alpha -0.1055444 -0.1898003 -0.2203496 0.3266638 0.3130287  0.27369753
         [,159]     [,160]     [,161]     [,162]    [,163]     [,164]
beta  0.1796929  1.2462686  1.7344585 1.51202538 0.7492154  0.7720180
alpha 0.4376520 -0.1088031 -0.2394658 0.02084783 0.2028155 -0.1489106
          [,165]     [,166]     [,167]    [,168]     [,169]     [,170]
beta   1.3178488  1.6412363  1.7303162  1.754826  1.3737264  1.9683185
alpha -0.1289155 -0.1938676 -0.4219546 -0.482510 -0.3236976 -0.5050829
           [,171]     [,172]     [,173]     [,174]     [,175]     [,176]
beta   0.88567136  0.9534018  1.5313574  1.3566492 0.37087905 0.96452801
alpha -0.09059481 -0.1075416 -0.4287786 -0.2137193 0.02992375 0.06977451
          [,177]     [,178]      [,179]    [,180]     [,181]     [,182]
beta   1.0913406  1.3260883  0.67835516 0.4761933  1.1919638 0.03556036
alpha -0.1921263 -0.1594969 -0.06785877 0.3337149 -0.2598875 0.67131043
          [,183]    [,184]     [,185]      [,186]    [,187]     [,188]
beta   1.5661717 0.2671862 1.01569893  1.25146938 0.4189427 0.76923197
alpha -0.2027201 0.5519275 0.02221701 -0.08729293 0.1683207 0.03447478
           [,189]       [,190]     [,191]    [,192]    [,193]     [,194]
beta   1.24221683  0.713144722 0.99862797 0.3116584 0.4734589 0.84170848
alpha -0.07323594 -0.001847099 0.04527253 0.5432419 0.1038606 0.06821302
          [,195]      [,196]    [,197]     [,198]    [,199]     [,200]
beta  0.66404075  0.96311391 0.6314050  1.4940554 0.3624362  1.3262915
alpha 0.05218102 -0.09373904 0.3449969 -0.1360518 0.2928567 -0.2017914
         [,201]    [,202]    [,203]    [,204]     [,205]    [,206]     [,207]
beta  1.0041788 0.6671939 0.4404458 0.5642023  1.4442712 0.2332720 0.97441461
alpha 0.1159264 0.3128957 0.4280083 0.2396814 -0.2446473 0.3353545 0.07332215
          [,208]     [,209]    [,210]    [,211]      [,212]     [,213]
beta  0.04135985  1.4244996 0.7953173 0.4948426  1.19873188  1.2353641
alpha 0.29868027 -0.1677791 0.3547076 0.1896692 -0.09509461 -0.1316122
         [,214]      [,215]     [,216]     [,217]     [,218]     [,219]
beta  0.9467253  0.96669409  1.4881779  1.3184176 1.14019512  2.3569521
alpha 0.1938906 -0.08205535 -0.2605616 -0.2393179 0.04504242 -0.7206268
         [,220]    [,221]     [,222]     [,223]    [,224]     [,225]    [,226]
beta  0.4796854 0.6305350 0.64153714  1.1319235 0.6704520  1.7560868  1.307523
alpha 0.2029389 0.1095905 0.06063139 -0.1814217 0.1785843 -0.3878564 -0.218306
         [,227]     [,228]    [,229]     [,230]     [,231]    [,232]    [,233]
beta  0.2969133  1.4211955  1.745212  1.8424971 0.79864964 0.3916599 0.3167187
alpha 0.5465947 -0.2202871 -0.354761 -0.4007651 0.03442861 0.2725841 0.1905739
          [,234]     [,235]    [,236]    [,237]    [,238]     [,239]
beta   1.0880891  1.2522631 0.8722118  1.907822 1.0389736  1.8170388
alpha -0.1717417 -0.0985241 0.3683298 -0.810900 0.1632906 -0.4185427
           [,240]    [,241]    [,242]     [,243]      [,244]     [,245]
beta   1.16033700 0.6081562 0.5263136  1.1506255  1.13485200  1.4866108
alpha -0.08594336 0.2492110 0.1090340 -0.0145768 -0.08736562 -0.4754558
         [,246]     [,247]     [,248]     [,249]      [,250]     [,251]
beta  0.7069749 1.22886330 0.89066217  1.0807886 0.549019388  1.6269620
alpha 0.3312791 0.06588154 0.08209527 -0.0547002 0.005112748 -0.4329167
         [,252]     [,253]     [,254]    [,255]    [,256]     [,257]     [,258]
beta  0.5601200  1.7817502 0.01950066 0.7358753  2.742871 1.00610294  1.6216833
alpha 0.1140768 -0.5299063 0.58538384 0.2422501 -1.145115 0.01953839 -0.3130825
         [,259]     [,260]    [,261]       [,262]    [,263]    [,264]
beta  1.1112345  1.3500153  0.923047  1.205535986 0.6535305 0.8324874
alpha 0.2044766 -0.4982198 -0.102738 -0.002516423 0.2846467 0.3295538
          [,265]     [,266]    [,267]      [,268]    [,269]     [,270]
beta   2.1976536  1.1136372 0.4961534  1.44813485 0.7058291 0.43232822
alpha -0.7144433 -0.3537451 0.2816465 -0.06294387 0.1299917 0.08605844
          [,271]     [,272]    [,273]    [,274]     [,275]      [,276]
beta  0.88046282  1.5950054 0.3080241 0.5459088 0.83831787  0.57931988
alpha 0.05705424 -0.3979421 0.2770246 0.4957102 0.03843223 -0.01863859
           [,277]     [,278]     [,279]      [,280]       [,281]     [,282]
beta   1.25490700  1.0731469 -0.3098911 1.190549681  0.989570179  0.8630639
alpha -0.05131558 -0.1970327  0.7026563 0.007253808 -0.003074462 -0.1368548
           [,283]      [,284]     [,285]     [,286]    [,287]     [,288]
beta   1.37720203 0.665635533  2.0503234  1.2705710 0.8961513 1.27977544
alpha -0.02107997 0.004685358 -0.6445572 -0.1910215 0.1205603 0.03668253
         [,289]    [,290]    [,291]     [,292]     [,293]      [,294]
beta  0.6985956 0.6480327 0.4458240  1.4745969  1.4418972 -0.04423059
alpha 0.1196558 0.1021510 0.2467338 -0.3325303 -0.2196241  0.64947622
          [,295]     [,296]    [,297]     [,298]    [,299]     [,300]
beta   1.5303235  0.9403223 0.6278025 1.30736001 0.8928475  1.6657682
alpha -0.2219006 -0.1599167 0.2773204 0.09651824 0.1173198 -0.5748765
           [,301]    [,302]     [,303]    [,304]     [,305]     [,306]
beta   1.44148568 0.3762475  2.0084542 0.2253799  2.0613907 1.01247139
alpha -0.02287009 0.2510304 -0.7214375 0.6800622 -0.4894293 0.03791268
         [,307]     [,308]      [,309]     [,310]     [,311]     [,312]
beta  0.5965072  1.3448340  0.82705317  1.1670694  0.9976309 1.21535620
alpha 0.1909355 -0.4100961 -0.05903111 -0.3038874 -0.1370012 0.08663257
         [,313]     [,314]     [,315]    [,316]     [,317]     [,318]
beta  0.5652871  1.7379339 1.56048261  1.351761  1.7094468 0.94232618
alpha 0.3207924 -0.4359152 0.06984136 -0.164752 -0.3348122 0.01586037
          [,319]    [,320]     [,321]    [,322]    [,323]      [,324]
beta   1.1896662  1.421735  1.3274042 0.6445636 0.3949542 -0.04673734
alpha -0.2941194 -0.603846 -0.3487481 0.2478577 0.4098146  0.45514578
          [,325]      [,326]     [,327]     [,328]     [,329]     [,330]
beta   1.1613265  0.97127932  1.3467384 1.27137873 0.95279788  1.8213086
alpha -0.2383569 -0.03198098 -0.4353368 0.03103615 0.07896169 -0.4194539
          [,331]    [,332]      [,333]    [,334]    [,335]      [,336]
beta   1.7997290 0.2545519  1.47791336  1.794576 0.7974958 -0.06566771
alpha -0.3087002 0.3270504 -0.09458459 -0.725959 0.1336701  0.68313978
          [,337]     [,338]      [,339]     [,340]    [,341]    [,342]
beta   1.2175263 0.79187284  0.93956994  1.7557544 0.6660256 0.5731981
alpha -0.1022578 0.01094924 -0.01357193 -0.4106443 0.3116274 0.2629914
           [,343]    [,344]     [,345]    [,346]     [,347]     [,348]
beta  -0.06588564 0.1412227 0.08740844 1.0860968  0.9751911  1.1700972
alpha  0.51601638 0.4930666 0.72812122 0.1004461 -0.1444259 -0.1897033
         [,349]      [,350]     [,351]    [,352]    [,353]     [,354]
beta  0.7518437  1.38014184  1.2334649 0.2872395 0.8778899 1.24689940
alpha 0.3050612 -0.03452899 -0.3124642 0.4531544 0.1941746 0.05574436
          [,355]     [,356]    [,357]    [,358]    [,359]    [,360]     [,361]
beta   1.6314372  1.1491252 0.2556864 0.7241775 0.6803637 0.4299250  1.2749352
alpha -0.2691369 -0.1280136 0.6180472 0.1288874 0.4715506 0.6199214 -0.4444418
           [,362]      [,363]     [,364]     [,365]    [,366]     [,367]
beta   1.08815571 1.173328023  1.6006643 1.20585536 1.0783283 -0.3954786
alpha -0.02802817 0.003813116 -0.3242185 0.06409288 0.1166452  0.8050767
          [,368]     [,369]     [,370]    [,371]      [,372]      [,373]
beta  0.98406492 1.57470654  1.0644036 0.4363408  0.99641187  0.97456142
alpha 0.01895361 0.05914262 -0.2091202 0.4154132 -0.07188489 -0.04600921
         [,374]      [,375]    [,376]     [,377]      [,378]    [,379]
beta  0.4674835  1.31225326 0.5606805  0.8606865  0.99776764 0.7961808
alpha 0.2505022 -0.04784296 0.1428686 -0.1537478 -0.09706208 0.2863342
          [,380]    [,381]      [,382]    [,383]     [,384]     [,385]
beta   1.2448214 0.3029766  1.11075215 0.6076452  0.8631239  1.3113613
alpha -0.2068641 0.3312650 -0.03869271 0.1031486 -0.2007622 -0.3116276
          [,386]    [,387]     [,388]     [,389]    [,390]     [,391]
beta   1.6044495  1.942931 0.93752268 0.95869568 0.2666151  1.0708386
alpha -0.1192525 -0.818581 0.05224107 0.06137866 0.3397897 -0.1404382
           [,392]     [,393]     [,394]     [,395]     [,396]     [,397]
beta   1.62559387  1.4415275  1.4681494  1.3716056 0.91756601  1.4658985
alpha -0.06978992 -0.4142953 -0.2530745 -0.1877848 0.08730739 -0.2161924
          [,398]     [,399]     [,400]     [,401]    [,402]     [,403]
beta   1.0876356  1.1588803 0.82496559  0.9273391 0.3771897 1.15246667
alpha -0.1327331 -0.3911481 0.06864822 -0.1317067 0.3509946 0.02173632
         [,404]    [,405]      [,406]      [,407]    [,408]    [,409]
beta  1.4432369 0.7967946  0.64818048  1.14784424 0.6774817 0.9441752
alpha 0.0316276 0.2143216 -0.09878309 -0.04148419 0.1211523 0.0229549
          [,410]     [,411]     [,412]      [,413]      [,414]      [,415]
beta   1.3105664  1.4487085 0.54104639  1.01616489  0.99577586  1.35961717
alpha -0.1099064 -0.2786909 0.02244887 -0.07202491 -0.05840539 -0.09955291
          [,416]    [,417]    [,418]    [,419]     [,420]    [,421]     [,422]
beta  -0.4001502 0.4452323 0.4159115 0.5557759  1.1816278  1.187375  1.2980652
alpha  0.6204186 0.2380061 0.2759564 0.2823245 -0.3100026 -0.131761 -0.0999105
          [,423]      [,424]   [,425]     [,426]    [,427]      [,428]
beta   1.4573665  0.95272973 1.088524  1.8439061 0.5222615 -0.05647801
alpha -0.3008887 -0.03483781 0.033222 -0.6594275 0.4848776  0.37361552
         [,429]    [,430]      [,431]    [,432]     [,433]     [,434]
beta  0.5481558 1.0619118  0.92264646 0.6960629  1.4708103 -0.3491441
alpha 0.1365472 0.1336798 -0.09743964 0.2561490 -0.2585247  0.7932499
          [,435]     [,436]     [,437]      [,438]     [,439]    [,440]
beta   1.1234149 1.29041459  1.6761929  1.29423955  1.1987287 0.2974246
alpha -0.1873786 0.03395744 -0.4696715 -0.07905916 -0.1229788 0.2500344
          [,441]     [,442]     [,443]     [,444]      [,445]     [,446]
beta   1.4664307 1.08428234  1.5367121  1.1571442  1.43658641 0.93452850
alpha -0.4981761 0.02944564 -0.5689325 -0.2175098 -0.08974672 0.03909351
           [,447]    [,448]     [,449]     [,450]      [,451]      [,452]
beta   0.78749792  1.251165  1.9592311  1.0829889  1.36348835  1.11468726
alpha -0.09090975 -0.208758 -0.3347403 -0.0579877 -0.09571979 -0.08491051
         [,453]     [,454]     [,455]      [,456]     [,457]     [,458]
beta  0.4161445  0.8387731  0.7368176  1.01156632  1.2690186 0.93853041
alpha 0.1920546 -0.2630722 -0.1893667 -0.06718075 -0.2655006 0.09069333
            [,459]     [,460]     [,461]     [,462]    [,463]     [,464]
beta   0.660347868  1.3307725 0.75121611 1.30156536 0.4899652  1.1637712
alpha -0.005782809 -0.3171911 0.05037667 0.08804304 0.2625228 -0.2838649
           [,465]     [,466]    [,467]     [,468]    [,469]    [,470]
beta   1.16502973  1.7338416 0.5357600  1.3079255 0.4792806 0.8891723
alpha -0.03451394 -0.3081814 0.2319685 -0.2658004 0.2582248 0.1764519
          [,471]     [,472]     [,473]    [,474]     [,475]    [,476]
beta   1.4880137  1.3869071 0.77025219 1.0924536  1.0369326 0.4108943
alpha -0.1413573 -0.1268302 0.07875984 0.1020455 -0.1456232 0.1527003
          [,477]    [,478]     [,479]      [,480]     [,481]     [,482]
beta   1.5755698  1.296875  1.4614100  1.10803681 0.87120576  2.5390500
alpha -0.1379519 -0.179348 -0.2654452 -0.05028091 0.09767074 -0.5674493
           [,483]     [,484]    [,485]      [,486]      [,487]    [,488]
beta   1.50727850 1.11433123 1.0342407 0.337597289  0.87226272 0.2083578
alpha -0.05241608 0.05294385 0.1896169 0.008801536 -0.09276833 0.4519910
          [,489]     [,490]       [,491]     [,492]    [,493]    [,494]
beta  1.01700857  0.9654485 0.8857750078  1.4686023 0.4095671 0.3247203
alpha 0.09609929 -0.2903015 0.0006827678 -0.1510031 0.4018369 0.5237580
         [,495]     [,496]    [,497]    [,498]    [,499]    [,500]    [,501]
beta  0.2170983  2.1159836 0.2235030 0.2463610  1.225681 0.2883139 1.2303595
alpha 0.6769094 -0.6083574 0.3364677 0.2818052 -0.262946 0.3319833 0.1933081
         [,502]    [,503]     [,504]     [,505]    [,506]    [,507]      [,508]
beta  0.2854706 0.7291854  1.3210175  1.2657857 0.2805696 0.2100017  0.70165495
alpha 0.2000663 0.3222269 -0.3996873 -0.1285494 0.3762111 0.3083683 -0.05984131
          [,509]     [,510]    [,511]     [,512]    [,513]     [,514]    [,515]
beta   1.4666013  1.0788238 0.7048462  1.2424643 0.5838123  1.9203392 0.5800856
alpha -0.2248445 -0.1032174 0.0725908 -0.3148849 0.5063137 -0.3248735 0.3518284
         [,516]     [,517]      [,518]      [,519]     [,520]    [,521]
beta  0.3918707  1.7060648  1.02311904  1.14731090  1.6670151 0.4702021
alpha 0.3464248 -0.2096279 -0.08450249 -0.07288906 -0.3773137 0.4301490
         [,522]      [,523]    [,524]    [,525]     [,526]     [,527]    [,528]
beta  0.9766372  0.99927890 0.3756331 1.2580077  1.2858015 0.62665984 0.5195863
alpha 0.1790232 -0.06857325 0.3713895 0.1387795 -0.2360251 0.06315997 0.2218790
          [,529]      [,530]     [,531]     [,532]    [,533]     [,534]
beta   1.7799511  0.92057330  1.2883667  1.6018930 0.3099037 1.12513120
alpha -0.5470591 -0.03422342 -0.2949717 -0.3328652 0.3088372 0.02118857
          [,535]    [,536]    [,537]      [,538]    [,539]      [,540]
beta   1.1700452 0.7988434 0.2167131  0.57677452 0.7381617  0.88174096
alpha -0.1122972 0.1213906 0.2493102 -0.03186442 0.3741525 -0.01511112
          [,541]     [,542]     [,543]      [,544]    [,545]    [,546]
beta   0.7555862 0.77589371  1.6693541  1.28695066 0.1279894 1.0245207
alpha -0.1097249 0.03298844 -0.5482597 -0.03706472 0.5426790 0.3703483
          [,547]    [,548]     [,549]    [,550]     [,551]      [,552]
beta   1.3284790  1.223749  1.3549773 0.1652621  1.3299007  0.65896015
alpha -0.3602063 -0.248969 -0.1036711 0.5981423 -0.2153658 -0.07622959
         [,553]      [,554]      [,555]     [,556]    [,557]      [,558]
beta  1.1489057  1.22049622  1.23276538  1.3264748 0.3418506  0.88191141
alpha 0.2055447 -0.07539781 -0.03144231 -0.2432317 0.2005797 -0.09222755
         [,559]    [,560]     [,561]     [,562]     [,563]     [,564]    [,565]
beta  0.2880003 0.3307373  0.9234352  1.9169389 1.10297051 1.07674772 0.9764936
alpha 0.5602269 0.5665169 -0.1494196 -0.3692786 0.06749806 0.04329778 0.1650936
          [,566]      [,567]     [,568]     [,569]      [,570]    [,571]
beta  0.86972318  0.85108764 0.86694965 0.91527230  1.07087035 0.9349492
alpha 0.02161397 -0.03456208 0.03278169 0.04952596 -0.08049932 0.1836260
         [,572]    [,573]    [,574]     [,575]     [,576]    [,577]     [,578]
beta  0.4449058 0.8769577  1.209554  1.7644190 1.45670283 0.7647052  1.9974341
alpha 0.6307482 0.1304860 -0.113635 -0.5933367 0.03628511 0.3498210 -0.5374519
          [,579]     [,580]     [,581]    [,582]      [,583]     [,584]
beta   1.5549673 1.28926839  1.8030988  1.743932  1.02785293 1.26627270
alpha -0.3951593 0.08014275 -0.2404617 -0.198009 -0.08252767 0.09519648
           [,585]    [,586]     [,587]     [,588]      [,589]     [,590]
beta   1.06297995 0.7676699  1.4396826 0.89474159  1.14655049  1.2120326
alpha -0.07456328 0.2891987 -0.3939088 0.05733339 -0.07107392 -0.2515918
          [,591]     [,592]     [,593]    [,594]    [,595]     [,596]
beta   1.1817944 1.08242574  1.5082504 0.1390113  1.496943 0.70933687
alpha -0.1888962 0.07395854 -0.3518195 0.5642922 -0.132942 0.07129091
          [,597]    [,598]     [,599]    [,600]   [,601]     [,602]
beta   1.8570992 0.4712527  1.0439336 0.5366324 0.448164  1.4745312
alpha -0.2710352 0.2471296 -0.1854727 0.1300030 0.273409 -0.2070717
            [,603]    [,604]     [,605]    [,606]     [,607]     [,608]
beta   1.015524167 0.7449027  1.0946234 1.2980981 -0.3388296 0.90967212
alpha -0.007978924 0.2219495 -0.3470887 0.1086801  0.9344003 0.02291182
          [,609]    [,610]    [,611]      [,612]    [,613]     [,614]    [,615]
beta   2.1264340 0.6626117 0.1644192  1.08106712 0.5755825  1.1475191 0.2228969
alpha -0.4755932 0.1508118 0.2976250 -0.01451467 0.1820087 -0.2171856 0.3082533
          [,616]     [,617]    [,618]     [,619]     [,620]    [,621]
beta  -0.5816492  1.5482566  1.569907 0.95073380 0.04075218 0.4199189
alpha  0.9384213 -0.3764822 -0.104845 0.06586582 0.49286073 0.3530876
           [,622]     [,623]    [,624]     [,625]    [,626]     [,627]
beta   1.18731904  1.0058270 0.8086090  0.5038855  1.691065  1.1835073
alpha -0.07993639 -0.1133188 0.2634278 -0.0117171 -0.245049 -0.1865724
         [,628]     [,629]     [,630]      [,631]     [,632]     [,633]
beta  0.2900245 0.52055251  2.1392945  0.86925756  1.4775094  1.2451404
alpha 0.5888549 0.05970806 -0.5888655 -0.02716995 -0.2308039 -0.3317684
           [,634]    [,635]    [,636]     [,637]      [,638]      [,639]
beta   1.15020794 0.5173983 1.0549552  0.8122255 1.071196366  1.02937631
alpha -0.03263961 0.2671166 0.2483632 -0.2120173 0.005636194 -0.01201404
         [,640]    [,641]     [,642]    [,643]    [,644]     [,645]    [,646]
beta  0.4003965 0.9717633  1.1428391 0.3556341 1.0082437  1.2995534 0.1890184
alpha 0.1675042 0.1304690 -0.3368574 0.4682030 0.1303054 -0.1247512 0.1689764
         [,647]     [,648]    [,649]     [,650]     [,651]    [,652]     [,653]
beta  0.7584253  1.4755131  1.303349  1.6364007  1.0719286 1.2864162  1.9927055
alpha 0.2811461 -0.1135086 -0.362365 -0.3009818 -0.1172764 0.1549691 -0.5751296
         [,654]    [,655]     [,656]     [,657]     [,658]     [,659]
beta  0.8842880  1.412021  1.1745402 0.66241578  1.8153416 0.04208741
alpha 0.0140082 -0.430055 -0.2095371 0.06885645 -0.5058312 0.36915706
          [,660]     [,661]       [,662]    [,663]     [,664]    [,665]
beta  1.03914910  1.8042695 1.0891878543 0.9224247  1.2597791 0.8146782
alpha 0.06606057 -0.4714841 0.0004815471 0.2230773 -0.4712804 0.3078452
         [,666]     [,667]    [,668]    [,669]     [,670]     [,671]
beta  0.9244093  1.5892914 0.8465341 0.4820005  1.4209923  1.0453572
alpha 0.3434736 -0.4028815 0.1781755 0.2974656 -0.1205402 -0.1321623
           [,672]     [,673]     [,674]    [,675]     [,676]    [,677]
beta   1.28794855 0.85396298  1.2524438 0.1208691  2.1118340  1.904571
alpha -0.09111155 0.03931454 -0.2157275 0.6547987 -0.1800123 -0.551592
         [,678]    [,679]      [,680]     [,681]    [,682]    [,683]     [,684]
beta  0.6370623 0.4758382 -0.05598735  1.5040175 0.8382397 0.7130477  1.2891011
alpha 0.1239186 0.1447868  0.55264318 -0.1303524 0.1771450 0.3881970 -0.3529354
         [,685]    [,686]       [,687]     [,688]     [,689]     [,690]
beta  0.8034272 0.8471638  0.893347655  0.9529900  1.6790250  1.1581229
alpha 0.2904316 0.3416782 -0.003902238 -0.2358814 -0.2462429 -0.1933194
          [,691]     [,692]    [,693]     [,694]    [,695]     [,696]
beta  0.94380238 0.04978029 0.3296637  1.1567417 0.6366526  1.3547221
alpha 0.05373949 0.36968311 0.1219704 -0.1101424 0.1750450 -0.2804088
          [,697]    [,698]     [,699]    [,700]    [,701]      [,702]    [,703]
beta  0.69911223 0.7494273 1.00052112 0.4790333 0.2334146  0.88046880 0.1365812
alpha 0.06334174 0.1868270 0.09039343 0.3216430 0.4484766 -0.02307944 0.6039634
         [,704]    [,705]     [,706]    [,707]    [,708]      [,709]     [,710]
beta  0.8557622 1.1344389  1.3191038 0.8968180 0.3189907 0.676126820  0.8748597
alpha 0.2162864 0.1377508 -0.1620756 0.1823988 0.2732880 0.009038527 -0.1048137
         [,711]    [,712]     [,713]     [,714]    [,715]    [,716]     [,717]
beta  1.2137544 1.0692070 1.39145754  1.4797517 0.5548042 0.7095258 0.92035017
alpha 0.1254341 0.4013416 0.03944288 -0.3652603 0.2518789 0.3283165 0.02710983
         [,718]      [,719]      [,720]    [,721]    [,722]    [,723]
beta  0.2168136  1.55611946 1.219940534 0.2125363 0.8715844 0.7192717
alpha 0.2806431 -0.06337728 0.001364612 0.3823815 0.1202949 0.2367296
          [,724]     [,725]      [,726]    [,727]     [,728]     [,729]
beta   0.9419043  1.7712119 -0.09438049 1.0786532  1.7564768  1.7342846
alpha -0.1970066 -0.3844754  0.45606391 0.1262867 -0.4711434 -0.2616034
           [,730]     [,731]     [,732]     [,733]    [,734]      [,735]
beta   1.28869073  0.9514187  1.7443121  1.6180040 0.6936576  1.45755392
alpha -0.07080946 -0.1421097 -0.3638169 -0.3315651 0.3298852 -0.03679632
           [,736]      [,737]     [,738]     [,739]      [,740]     [,741]
beta   0.79897597  1.28938586  1.4646648  1.3265215  0.96449006  1.7443508
alpha -0.04017344 -0.09050805 -0.5670858 -0.1679307 -0.09602302 -0.4334788
          [,742]    [,743]     [,744]    [,745]     [,746]     [,747]
beta   1.5332529 0.4867925 -0.3637322 0.4748265  1.0632271  1.1169944
alpha -0.4774077 0.1640288  0.6241467 0.3501919 -0.1146936 -0.2095195
          [,748]    [,749]     [,750]      [,751]     [,752]     [,753]
beta  0.65766210  1.107373  1.6323785  0.98230494  1.4513457 1.40566255
alpha 0.08446938 -0.075437 -0.2245352 -0.07115003 -0.1538424 0.01423773
          [,754]     [,755]    [,756]     [,757]    [,758]    [,759]     [,760]
beta   1.5029198 -0.1375687 0.6523288 0.72966321 0.9652609 0.9967730 1.03494916
alpha -0.2908072  0.4411434 0.2105494 0.07988241 0.2289315 0.1486093 0.01152286
          [,761]     [,762]      [,763]    [,764]     [,765]    [,766]
beta   1.8675148  1.4457679  1.02681297 1.0308584 -0.3984647 0.1590735
alpha -0.5042401 -0.2208961 -0.04712797 0.3127001  0.6527025 0.5814976
         [,767]    [,768]    [,769]       [,770]    [,771]      [,772]
beta  0.7418412  0.963742 0.4805216  0.799907363 0.8081723  1.33126542
alpha 0.1532126 -0.254901 0.4547716 -0.004122803 0.2260624 -0.05951205
          [,773]     [,774]     [,775]    [,776]     [,777]     [,778]
beta   1.2345658  1.3893393 0.49325682 0.6383967 -0.1635963 0.05602088
alpha -0.1921491 -0.2971348 0.08495531 0.4382328  0.6179056 0.61548152
         [,779]      [,780]    [,781]      [,782]     [,783]    [,784]
beta  0.7933195  0.98324881 0.9552121  1.07559118  2.5403742 0.6451451
alpha 0.1601624 -0.09920681 0.2373645 -0.09471623 -0.5708665 0.1703183
           [,785]     [,786]    [,787]    [,788]    [,789]    [,790]     [,791]
beta   0.91442160  2.3206111 0.6541095 0.7742362 0.6126926 1.3186855  1.3446700
alpha -0.02918731 -0.6851952 0.2577394 0.1019182 0.1844481 0.2175213 -0.2148882
         [,792]    [,793]     [,794]    [,795]    [,796]    [,797]      [,798]
beta  0.4612263 0.6280520 1.21189476 0.3531655 0.5232040 0.6158120  0.53674201
alpha 0.3201621 0.1651553 0.03522353 0.3120514 0.1358884 0.4806772 -0.05614575
         [,799]    [,800]   [,801]    [,802]    [,803]     [,804]     [,805]
beta  0.1809111 0.8595696 0.765352 0.6180910 0.8414620  0.6668778 0.95107382
alpha 0.2699954 0.1413649 0.153626 0.1787792 0.2147618 -0.1516064 0.04669249
           [,806]     [,807]      [,808]      [,809]     [,810]    [,811]
beta   0.79254842 -0.1799356  1.08589316 0.762337362  1.5268226 0.4042466
alpha -0.05483835  0.5546074 -0.08246908 0.005453276 -0.4334957 0.1902358
          [,812]      [,813]     [,814]     [,815]      [,816]    [,817]
beta   1.4333492 -0.06678870 0.80512884  1.3440236  1.63882976 0.1087363
alpha -0.1929957  0.08086498 0.09415855 -0.1356508 -0.07085432 0.6853771
          [,818]     [,819]     [,820]     [,821]      [,822]    [,823]
beta  0.94091125 0.96898255  1.6815683 1.03354043  1.07652464 0.7421348
alpha 0.03431512 0.09309474 -0.2235146 0.02390789 -0.07928085 0.1503172
          [,824]     [,825]    [,826]     [,827]     [,828]    [,829]
beta   1.1267178  1.3580115 0.4605839  1.9042874  0.7994323  1.687232
alpha -0.0920872 -0.2796965 0.1675674 -0.3483224 -0.1004717 -0.340159
          [,830]    [,831]     [,832]    [,833]      [,834]      [,835]
beta   1.0395775  1.286057 0.09380177 0.2128131  1.18032932 1.284662325
alpha -0.1734647 -0.288263 0.23138446 0.3820064 -0.09518923 0.004111709
           [,836]    [,837]      [,838]    [,839]     [,840]       [,841]
beta   1.51862175 0.2221992  1.16937198 0.8014279  1.1160087  0.951712088
alpha -0.03743199 0.6697119 -0.09330739 0.2380317 -0.1805515 -0.002736559
         [,842]     [,843]     [,844]     [,845]     [,846]     [,847]
beta  0.2579070  1.3288709  1.2941449 0.83408080  1.5748989  1.4899608
alpha 0.4773776 -0.3481172 -0.3475143 0.08514891 -0.2743374 -0.3297394
         [,848]      [,849]     [,850]    [,851]    [,852]     [,853]
beta  0.3415186  1.30001119  1.4745577 0.2079769 0.4760994  1.2661534
alpha 0.2203561 -0.03845407 -0.2137917 0.6122488 0.3108321 -0.3555671
           [,854]      [,855]     [,856]     [,857]     [,858]     [,859]
beta   1.68629215  0.92701305  1.5991019 0.93119807 0.63632095  1.1858316
alpha -0.04855377 -0.07404164 -0.3685468 0.08908112 0.05572644 -0.0879729
         [,860]      [,861]     [,862]    [,863]      [,864]    [,865]
beta  0.2656958  0.89493861  1.4569638 0.9300321  1.01339520 0.1553846
alpha 0.3503888 -0.07647187 -0.2128848 0.1295767 -0.01628869 0.2719400
          [,866]     [,867]     [,868]    [,869]     [,870]    [,871]
beta   1.8284461 0.47512634 0.41778457 0.7817490  1.7858678 0.8275290
alpha -0.1856713 0.05343493 0.07497315 0.1297765 -0.2413432 0.2476519
           [,872]     [,873]     [,874]     [,875]    [,876]     [,877]
beta   0.75072379 0.87698179  1.2767051  1.4369262 0.8708714 1.40665624
alpha -0.01959325 0.04807426 -0.3115039 -0.1919395 0.1775200 0.01418343
          [,878]    [,879]     [,880]    [,881]     [,882]    [,883]     [,884]
beta   1.7967757 0.7310706 1.52296968  1.146244 0.91063081 0.9944751 0.77319447
alpha -0.5381706 0.1605482 0.02137349 -0.162642 0.06921338 0.1167997 0.02141004
          [,885]    [,886]    [,887]      [,888]     [,889]    [,890]    [,891]
beta   1.3278629 0.9080866 0.3944871  1.44534465  1.0754260 0.4863268 0.8828317
alpha -0.2724233 0.1161650 0.2893559 -0.06550935 -0.2393914 0.2699228 0.0103574
          [,892]      [,893]     [,894]    [,895]    [,896]      [,897]
beta   1.5718828  1.17159384  1.5478943 0.3835168 0.9010100  1.19253073
alpha -0.2557091 -0.01445243 -0.5602966 0.1855109 0.1036338 -0.05295916
          [,898]     [,899]     [,900]     [,901]    [,902]    [,903]    [,904]
beta  1.10138255  1.3180541  1.2594698  1.3571748 0.7124089 0.2655425 1.1856804
alpha 0.04520699 -0.1462515 -0.1273864 -0.2807076 0.4016097 0.2371487 0.3081293
          [,905]     [,906]    [,907]     [,908]     [,909]    [,910]
beta   1.2714114  1.7666009 0.7936671 0.47081531  1.6446093 0.4733678
alpha -0.1800435 -0.4378237 0.2298834 0.08394506 -0.6195243 0.2434608
          [,911]    [,912]     [,913]     [,914]     [,915]    [,916]
beta   1.4520756 0.7587248  1.2634457  1.3170116  1.7657650 0.9866079
alpha -0.1366314 0.2366023 -0.1580569 -0.2174205 -0.4117698 0.1378985
          [,917]      [,918]      [,919]     [,920]     [,921]     [,922]
beta  -0.0872870  0.95697717  1.02683707  1.1697197  1.3629653 0.02931154
alpha  0.3193498 -0.06419551 -0.07324739 -0.1044969 -0.3607583 0.54875042
            [,923]      [,924]     [,925]      [,926]    [,927]      [,928]
beta  -0.007537914  1.20408882  1.2823725  1.44485780 0.4445001  1.31907393
alpha  0.479084725 -0.02344257 -0.3837623 -0.09688849 0.3957625 -0.04835442
         [,929]     [,930]    [,931]     [,932]     [,933]     [,934]
beta  0.4833951  1.0223345 0.9439538 1.19934999  1.3669722 0.51646427
alpha 0.1462007 -0.1016483 0.3537937 0.01373241 -0.1539229 0.02391747
          [,935]     [,936]    [,937]       [,938]     [,939]     [,940]
beta   1.7397087 0.79349139 0.4559361  0.604001005 1.24874131  1.5070410
alpha -0.1472583 0.09307395 0.2551906 -0.009518049 0.03426532 -0.2644846
          [,941]     [,942]    [,943]     [,944]    [,945]     [,946]    [,947]
beta   1.6056612  1.2039134  1.837907  1.3458258 0.8064280  1.5836077 0.5086678
alpha -0.3438233 -0.2246236 -0.344538 -0.3335001 0.1705101 -0.1931659 0.5854121
         [,948]    [,949]    [,950]      [,951]     [,952]      [,953]
beta  0.8455917 0.8711230 0.8707541 1.001383842 0.84129953  0.89459756
alpha 0.1076060 0.3317944 0.1812861 0.004896541 0.07543562 -0.06112531
         [,954]     [,955]     [,956]     [,957]      [,958]    [,959]
beta  0.5563501  1.0743146  1.4119035  1.4235623  1.16867030 0.2008522
alpha 0.3171065 -0.2711629 -0.2744648 -0.3188374 -0.05911935 0.3389017
         [,960]    [,961]     [,962]      [,963]     [,964]    [,965]    [,966]
beta  0.4942032 0.9405327  1.6890567  0.51198593  1.2626663 0.5327340 0.2108313
alpha 0.4802411 0.3446751 -0.2347192 -0.08405924 -0.1419987 0.0556513 0.5090165
          [,967]    [,968]     [,969]    [,970]    [,971]    [,972]    [,973]
beta   1.1087597 0.9545339 0.58835470 0.4136101 1.0509186 0.1069994 0.7839006
alpha -0.1365565 0.1740492 0.07052791 0.4516886 0.1488798 0.5621784 0.1203914
         [,974]     [,975]     [,976]     [,977]      [,978]    [,979]
beta  0.1013802 1.37444370  1.4590210  1.8690048  0.82477046 0.5763527
alpha 0.4653597 0.04263166 -0.3992459 -0.3383525 -0.03793993 0.3033311
          [,980]    [,981]     [,982]     [,983]      [,984]     [,985]
beta   0.7572225 0.4953476  1.3016684 0.90978102  1.08921883 0.69647705
alpha -0.2217339 0.1464806 -0.2301079 0.02593346 -0.04609241 0.09725418
           [,986]     [,987]    [,988]     [,989]     [,990]      [,991]
beta   1.27032972  1.1209790 0.8266418 -0.1456008  1.3159670  1.06637704
alpha -0.05071931 -0.2114629 0.1334532  0.6776546 -0.1093213 -0.04311017
          [,992]     [,993]    [,994]    [,995]    [,996]    [,997]     [,998]
beta   1.4351773  1.3116566 0.5517256 0.3049684 0.5504555 0.1620938 0.96123798
alpha -0.2216396 -0.1742745 0.1293848 0.5548634 0.5760015 0.3702359 0.08273476
          [,999]    [,1000]
beta  -0.2015418 0.82134612
alpha  0.4431842 0.03917787

 SE        SE       SE        SE        SE        SE        SE       
SE 0.4211808 0.509969 0.5301812 0.5215179 0.5584801 0.5002358 0.4477974
   SE        SE        SE        SE        SE        SE        SE     
SE 0.5359512 0.3815039 0.5591752 0.4113673 0.5549042 0.3927877 0.47434
   SE        SE        SE        SE        SE        SE        SE       
SE 0.5507884 0.4973603 0.4666379 0.4677973 0.3979316 0.4378907 0.6214324
   SE        SE        SE        SE        SE        SE        SE       
SE 0.4740159 0.4724687 0.4478132 0.5910974 0.5624779 0.3948616 0.5731786
   SE        SE        SE        SE        SE        SE        SE       
SE 0.4879032 0.4052111 0.5005873 0.5116478 0.5403278 0.5334198 0.4711743
   SE        SE        SE       SE        SE        SE        SE       
SE 0.4127552 0.5751184 0.522341 0.4989583 0.4583938 0.5301053 0.4812862
   SE        SE       SE        SE        SE        SE        SE       
SE 0.7627883 0.568914 0.4886185 0.4782535 0.5210756 0.4871084 0.5166223
   SE        SE        SE        SE        SE        SE        SE       
SE 0.4725347 0.4862251 0.4706276 0.4557834 0.4084613 0.4960758 0.4577086
   SE        SE        SE        SE        SE        SE        SE       
SE 0.4724218 0.5294006 0.3822257 0.5064968 0.4701502 0.4815633 0.5039698
   SE        SE        SE        SE        SE        SE        SE       
SE 0.5911746 0.5521296 0.4669516 0.4129708 0.4364665 0.4455665 0.5195126
   SE        SE        SE        SE        SE        SE        SE       
SE 0.4549749 0.5535134 0.3939478 0.4971268 0.4076932 0.4236353 0.5203509
   SE        SE        SE        SE        SE       SE        SE       SE    
SE 0.4692383 0.5746612 0.5045956 0.4531942 0.486999 0.5383897 0.507576 0.5195
   SE        SE        SE        SE        SE        SE        SE       
SE 0.5013252 0.4886973 0.5270398 0.4348636 0.5313259 0.4823139 0.5265811
   SE        SE        SE        SE        SE        SE        SE      
SE 0.5110216 0.4907075 0.4695985 0.5386445 0.4528745 0.5594475 0.555819
   SE        SE       SE        SE        SE        SE        SE       
SE 0.4216868 0.595887 0.6763974 0.4646275 0.4808846 0.4475652 0.4604515
   SE        SE        SE        SE        SE        SE        SE       
SE 0.3898693 0.4484249 0.4447271 0.5446236 0.3523487 0.4394736 0.4115924
   SE        SE        SE        SE        SE        SE        SE       
SE 0.4637124 0.4646045 0.3862516 0.4253676 0.5284614 0.5193818 0.5107635
   SE        SE        SE        SE        SE        SE        SE       
SE 0.5067862 0.5142892 0.3909391 0.5472564 0.5247119 0.5162401 0.4565495
   SE        SE        SE        SE        SE        SE        SE       
SE 0.5359362 0.4820927 0.4947669 0.4689755 0.5843443 0.4267364 0.6570834
   SE        SE        SE        SE        SE        SE        SE       
SE 0.5298076 0.4770528 0.4994681 0.6029271 0.4844816 0.4396202 0.3975634
   SE        SE        SE       SE        SE        SE        SE       
SE 0.4360898 0.4760264 0.467159 0.5204181 0.4628162 0.4846318 0.6263595
   SE       SE        SE        SE        SE        SE        SE       
SE 0.480934 0.3794611 0.6576305 0.4753851 0.4166117 0.5169874 0.5126618
   SE        SE        SE        SE        SE       SE        SE       
SE 0.5399152 0.4579914 0.4658838 0.4543035 0.436866 0.4390508 0.4178518
   SE        SE       SE        SE        SE        SE        SE       
SE 0.4548941 0.536803 0.4405187 0.4917581 0.5339201 0.5048373 0.4176051
   SE        SE        SE        SE        SE        SE        SE       
SE 0.5196259 0.5292449 0.4620809 0.5058031 0.5579766 0.6702963 0.5345674
   SE        SE        SE        SE        SE        SE        SE       
SE 0.4886728 0.4732463 0.5065445 0.5399303 0.6178643 0.4143205 0.6230873
   SE        SE        SE       SE        SE        SE        SE       
SE 0.4442095 0.5061588 0.436736 0.4633956 0.4151639 0.4643406 0.5490435
   SE        SE        SE        SE        SE        SE        SE       
SE 0.4922588 0.5604184 0.4111727 0.5323556 0.4123462 0.4377727 0.4518257
   SE        SE        SE        SE        SE        SE        SE       
SE 0.4403332 0.4945318 0.3826123 0.5093245 0.5207901 0.4251149 0.5557308
   SE        SE        SE        SE        SE        SE        SE       
SE 0.3681717 0.4518351 0.5141405 0.4948064 0.4801715 0.4929912 0.4996231
   SE        SE        SE        SE        SE        SE        SE       
SE 0.4340954 0.5873478 0.4041633 0.4812852 0.5164268 0.5560973 0.4060235
   SE        SE        SE        SE        SE        SE       SE      
SE 0.4746733 0.4341707 0.4595633 0.4232384 0.5983136 0.485045 0.391573
   SE        SE        SE        SE        SE        SE        SE       
SE 0.5781206 0.5222358 0.5378205 0.4559907 0.6428291 0.5332243 0.4024065
   SE        SE        SE        SE        SE        SE        SE       
SE 0.3905126 0.6056762 0.4211601 0.4303585 0.4462549 0.4869584 0.5355399
   SE        SE        SE        SE        SE        SE        SE       
SE 0.5099693 0.4355312 0.4788815 0.4779748 0.4004991 0.5705281 0.4686723
   SE        SE      SE        SE        SE        SE        SE       
SE 0.5105436 0.40291 0.4657615 0.4377147 0.4593456 0.5103031 0.4828248
   SE        SE        SE        SE       SE        SE        SE       
SE 0.4645662 0.4426037 0.4755684 0.424184 0.4777626 0.5522058 0.4176668
   SE        SE        SE        SE        SE        SE        SE       
SE 0.4436474 0.4523696 0.3735084 0.4804343 0.5266091 0.5480651 0.4972401
   SE        SE        SE        SE        SE        SE       SE       
SE 0.4291481 0.6433179 0.3909176 0.4881273 0.5336858 0.486735 0.4588608
   SE        SE        SE        SE        SE        SE        SE       
SE 0.4087043 0.4249852 0.4450594 0.5032298 0.3768714 0.5141245 0.5695625
   SE        SE        SE        SE        SE       SE        SE      
SE 0.4134376 0.5337912 0.4613883 0.6514818 0.469856 0.5104889 0.656548
   SE        SE        SE       SE        SE        SE        SE       
SE 0.5214593 0.4783409 0.495665 0.4565617 0.4861759 0.4929096 0.5406256
   SE        SE        SE        SE        SE        SE        SE       
SE 0.4421399 0.5723984 0.5232393 0.4668359 0.4204989 0.4136275 0.4355787
   SE        SE        SE        SE        SE       SE        SE       
SE 0.4906558 0.5070178 0.5991879 0.4297462 0.531472 0.4448096 0.4711328
   SE        SE        SE        SE        SE       SE        SE       
SE 0.4297987 0.4432113 0.4567437 0.4993097 0.395752 0.5020011 0.5455661
   SE        SE        SE        SE        SE        SE       SE       
SE 0.4731824 0.4613869 0.5526089 0.5100118 0.5717333 0.520708 0.4395734
   SE       SE        SE        SE        SE       SE        SE       
SE 0.404795 0.4386278 0.4996494 0.4894741 0.477743 0.5092813 0.4291141
   SE        SE        SE        SE        SE        SE        SE      
SE 0.4264679 0.5221828 0.5258693 0.5917232 0.3594256 0.5479043 0.406265
   SE        SE        SE        SE       SE        SE        SE       
SE 0.5137503 0.4342437 0.4616153 0.547221 0.4352058 0.5245135 0.3664195
   SE        SE        SE        SE        SE        SE        SE       
SE 0.4849143 0.5550967 0.5799016 0.4603679 0.5661386 0.5230594 0.4242454
   SE        SE        SE       SE        SE        SE        SE       
SE 0.4852862 0.4502388 0.555542 0.4791061 0.5137159 0.4119021 0.5077025
   SE        SE        SE      SE        SE        SE        SE       
SE 0.5054344 0.5008431 0.54539 0.5955019 0.4685224 0.4483473 0.5222384
   SE        SE        SE        SE        SE        SE        SE       
SE 0.4838427 0.5708893 0.6185913 0.5311644 0.5079935 0.3602119 0.5540165
   SE        SE        SE        SE        SE        SE        SE       
SE 0.3730539 0.4440653 0.5357491 0.4323844 0.4861567 0.4555441 0.5339714
   SE       SE        SE        SE        SE        SE        SE       
SE 0.515113 0.3599386 0.5890457 0.4666057 0.5032479 0.4565577 0.5245746
   SE        SE        SE        SE        SE        SE        SE       
SE 0.5150829 0.3365453 0.4496415 0.4589754 0.5007727 0.5105684 0.5951151
   SE        SE        SE        SE        SE        SE        SE      
SE 0.4664051 0.4956128 0.4608808 0.5039857 0.5487336 0.5087719 0.468526
   SE        SE        SE        SE        SE        SE        SE       
SE 0.3900031 0.5073852 0.4997232 0.4520953 0.3981621 0.4575648 0.4672919
   SE        SE        SE        SE       SE        SE        SE       
SE 0.5753563 0.5155097 0.5920914 0.460392 0.5146563 0.5348306 0.4683337
   SE        SE        SE        SE        SE        SE        SE       
SE 0.4201538 0.4971821 0.5069128 0.5253861 0.5431529 0.5397816 0.5509207
   SE        SE        SE        SE        SE        SE        SE       
SE 0.5102084 0.4240682 0.4512873 0.4322174 0.4678251 0.5498434 0.5128404
   SE        SE       SE        SE        SE        SE       SE       
SE 0.5576458 0.451776 0.4421154 0.5058204 0.5424174 0.435501 0.5349639
   SE        SE        SE        SE        SE        SE        SE       
SE 0.5081982 0.5446788 0.5754347 0.5524359 0.6048263 0.4282973 0.4707388
   SE        SE        SE        SE        SE        SE        SE       
SE 0.3591484 0.4429379 0.4369204 0.4120469 0.5016679 0.5118474 0.4732711
   SE        SE       SE        SE        SE        SE        SE       
SE 0.5663907 0.484179 0.4444645 0.4293905 0.4144903 0.4252961 0.4211555
   SE       SE        SE       SE        SE        SE        SE       
SE 0.508988 0.4450425 0.543856 0.5084589 0.5185933 0.5612036 0.4902782
   SE        SE        SE        SE        SE        SE        SE      
SE 0.4083443 0.4466583 0.4874751 0.5300193 0.5425607 0.5406494 0.490008
   SE        SE        SE       SE        SE        SE        SE       
SE 0.4588106 0.4306721 0.398166 0.4431843 0.5160153 0.5702099 0.4691019
   SE        SE        SE    SE        SE        SE        SE        SE       
SE 0.5570852 0.5497072 0.509 0.5714379 0.3725901 0.4444844 0.4705292 0.5183019
   SE        SE        SE        SE        SE        SE        SE       
SE 0.4259588 0.3658366 0.5349436 0.4875125 0.5133912 0.4296644 0.5904358
   SE        SE        SE        SE       SE        SE        SE       
SE 0.4492192 0.5008554 0.4976511 0.510749 0.5440406 0.4424779 0.4707144
   SE        SE        SE        SE        SE        SE        SE       
SE 0.4636222 0.4946328 0.4549625 0.5784174 0.4785515 0.3859083 0.5234714
   SE        SE        SE       SE        SE        SE        SE       
SE 0.4022625 0.5179017 0.452642 0.5103454 0.5178836 0.6821217 0.4193597
   SE        SE        SE        SE        SE       SE        SE       
SE 0.6180091 0.5623289 0.5037153 0.4605978 0.535986 0.5801952 0.6125274
   SE        SE        SE       SE        SE        SE        SE       
SE 0.5032283 0.4165485 0.589438 0.4736177 0.5161842 0.5253463 0.4220852
   SE        SE        SE        SE        SE        SE        SE      
SE 0.4904762 0.5851316 0.4146018 0.3956513 0.5103697 0.4454254 0.390633
   SE       SE        SE        SE        SE        SE        SE       
SE 0.428803 0.5862218 0.4981777 0.5179429 0.4707859 0.5177227 0.4615356
   SE        SE        SE        SE        SE        SE        SE       
SE 0.5186426 0.4002654 0.4297482 0.5694442 0.4330494 0.4602997 0.4755984
   SE        SE        SE        SE        SE        SE        SE       
SE 0.5237806 0.4334438 0.5529308 0.4108789 0.5285751 0.4776701 0.4841101
   SE        SE        SE        SE        SE        SE        SE       
SE 0.5443288 0.4585833 0.4942604 0.5554801 0.4893535 0.4651774 0.5457525
   SE        SE        SE        SE        SE        SE        SE       
SE 0.4916361 0.5046849 0.5224612 0.5437345 0.5007432 0.4794864 0.4681796
   SE        SE        SE        SE        SE        SE        SE       
SE 0.5070914 0.5539917 0.4739932 0.5596583 0.4623339 0.4583758 0.6007501
   SE        SE        SE        SE        SE        SE        SE       
SE 0.5701222 0.4935146 0.5165567 0.5751613 0.4569468 0.5031875 0.3760754
   SE        SE        SE        SE        SE       SE        SE       
SE 0.5437918 0.6222391 0.4724847 0.4648981 0.466209 0.4502085 0.5590525
   SE        SE        SE        SE        SE        SE        SE       
SE 0.5316968 0.5644659 0.5193219 0.5392517 0.5123107 0.4444339 0.5036804
   SE        SE        SE        SE        SE       SE        SE       
SE 0.4309867 0.5231579 0.5085734 0.6050337 0.443778 0.4169828 0.5729331
   SE        SE        SE        SE        SE        SE        SE       
SE 0.4998671 0.4827922 0.4709004 0.3855386 0.4047478 0.4628765 0.5938036
   SE       SE       SE       SE        SE       SE        SE        SE       
SE 0.518973 0.518065 0.476076 0.4290198 0.569922 0.4265335 0.4292575 0.5100737
   SE        SE        SE        SE        SE        SE        SE       
SE 0.5142831 0.5374181 0.3880294 0.5015697 0.5234375 0.4328598 0.4348627
   SE        SE        SE        SE        SE        SE        SE       
SE 0.5682335 0.4856534 0.5138126 0.3882237 0.4463681 0.4690911 0.5427567
   SE        SE        SE        SE        SE       SE        SE       
SE 0.4889614 0.5641075 0.4723328 0.5904986 0.554169 0.5990356 0.4434955
   SE        SE        SE        SE        SE        SE        SE       
SE 0.4815017 0.4943099 0.4137663 0.4301905 0.4352674 0.4791779 0.5003973
   SE        SE        SE        SE        SE        SE        SE       
SE 0.4946934 0.4476631 0.5353101 0.5103487 0.5463871 0.4259592 0.4335065
   SE        SE        SE        SE       SE        SE        SE       
SE 0.4793994 0.5299027 0.3861461 0.399206 0.5287624 0.5186482 0.3690305
   SE        SE        SE       SE        SE        SE        SE       
SE 0.3841621 0.4828343 0.518603 0.4260332 0.4075212 0.4291209 0.4697593
   SE       SE        SE        SE        SE        SE        SE       
SE 0.549903 0.4859867 0.5699253 0.5220036 0.5184627 0.4567114 0.4780599
   SE        SE       SE        SE        SE        SE        SE       
SE 0.5128337 0.567394 0.4515924 0.5329349 0.4537088 0.4309598 0.6089778
   SE        SE        SE       SE        SE        SE        SE       
SE 0.5077318 0.6469516 0.477812 0.4908785 0.4253422 0.4878106 0.5142955
   SE       SE        SE        SE        SE        SE        SE       
SE 0.501591 0.5278179 0.4986679 0.5028219 0.4922968 0.4260177 0.4399791
   SE        SE        SE        SE        SE        SE       SE       
SE 0.3776809 0.5692466 0.4934905 0.5290861 0.5922582 0.515476 0.4099331
   SE        SE        SE        SE        SE        SE        SE       
SE 0.4678883 0.5101355 0.5576155 0.4965586 0.4889791 0.4300889 0.5595787
   SE        SE        SE        SE        SE        SE        SE       
SE 0.4778784 0.4890757 0.5699057 0.4372994 0.5790991 0.4516719 0.4356335
   SE        SE        SE       SE        SE        SE        SE       
SE 0.5019652 0.3996691 0.478222 0.5088532 0.5219223 0.5103553 0.5047809
   SE        SE        SE        SE        SE        SE        SE       
SE 0.5832534 0.4166453 0.5144665 0.4876444 0.5744852 0.3962241 0.4629948
   SE        SE        SE        SE        SE        SE        SE       
SE 0.3898161 0.4573131 0.3945915 0.5587779 0.4697175 0.4132196 0.4772043
   SE        SE        SE        SE        SE        SE        SE       
SE 0.5075957 0.3684543 0.4573305 0.4855845 0.3893978 0.4314754 0.4792796
   SE        SE        SE        SE        SE        SE        SE      
SE 0.5439946 0.4399713 0.4751964 0.5583482 0.5382473 0.4796532 0.508353
   SE        SE        SE        SE        SE        SE        SE       
SE 0.4799937 0.6029259 0.4883639 0.4642699 0.5470062 0.4615707 0.4944067
   SE        SE        SE        SE        SE        SE        SE       
SE 0.6321403 0.5147306 0.5306792 0.5181071 0.4318775 0.4559913 0.4967556
   SE        SE        SE        SE        SE        SE        SE       
SE 0.4020066 0.4742885 0.5493476 0.5386535 0.4760219 0.6105741 0.4802519
   SE        SE        SE        SE        SE        SE        SE       
SE 0.5327523 0.5144946 0.4275247 0.4025463 0.4210343 0.5286092 0.4558916
   SE        SE        SE        SE        SE        SE       SE       
SE 0.5343569 0.4809672 0.6196381 0.4552523 0.3830339 0.538003 0.5436988
   SE        SE        SE        SE        SE        SE        SE       
SE 0.4818136 0.5144252 0.4526598 0.4625778 0.4311353 0.4773881 0.4305991
   SE        SE        SE        SE        SE        SE        SE       
SE 0.4169683 0.5961725 0.4217443 0.3713344 0.4994177 0.5159956 0.5150569
   SE        SE        SE        SE        SE        SE        SE       
SE 0.4938061 0.5117388 0.5379874 0.5023902 0.5001296 0.5691247 0.4575834
   SE        SE        SE       SE        SE        SE        SE       
SE 0.4621202 0.4982638 0.468794 0.4823416 0.5391155 0.4175648 0.5061704
   SE       SE        SE        SE       SE        SE        SE       
SE 0.450059 0.5146329 0.3791141 0.466018 0.4858951 0.4785765 0.4623575
   SE        SE        SE        SE        SE        SE        SE       
SE 0.4790678 0.5507089 0.4733469 0.4729373 0.5037056 0.5850065 0.5057017
   SE        SE        SE        SE        SE        SE        SE       
SE 0.3835461 0.4137449 0.5261697 0.5080616 0.5425085 0.7180635 0.5228498
   SE        SE        SE        SE        SE        SE        SE       
SE 0.5392162 0.5144677 0.5478009 0.4232392 0.4455446 0.3545331 0.5677285
   SE        SE        SE        SE        SE        SE        SE      
SE 0.6161432 0.4733244 0.4419358 0.5446295 0.5332317 0.5540719 0.594211
   SE        SE        SE        SE       SE        SE        SE       
SE 0.3888011 0.5576758 0.5675291 0.548503 0.6136653 0.4996851 0.4702609
   SE        SE        SE        SE        SE        SE        SE       
SE 0.4310948 0.5002861 0.5086491 0.5152679 0.3950177 0.5149644 0.4496294
   SE        SE        SE        SE        SE        SE        SE       
SE 0.5035907 0.5530228 0.5078087 0.4069624 0.4902129 0.5099698 0.4922123
   SE       SE        SE        SE        SE        SE        SE       
SE 0.532859 0.5390841 0.6460238 0.4925215 0.4513331 0.4879713 0.4965816
   SE        SE        SE        SE        SE        SE        SE       
SE 0.5939395 0.5252186 0.4784788 0.4377607 0.4520823 0.6254669 0.3937571
   SE        SE        SE        SE        SE        SE       SE      
SE 0.5531181 0.5011434 0.4478079 0.5404715 0.5880284 0.498142 0.487737
   SE        SE       SE        SE       SE        SE        SE       
SE 0.5473816 0.589326 0.3273236 0.415319 0.4730148 0.4524692 0.5238355
   SE        SE        SE        SE        SE        SE        SE       
SE 0.7171361 0.6110483 0.5621234 0.4152397 0.4999173 0.4783884 0.4928506
   SE        SE        SE        SE        SE        SE        SE       
SE 0.5154089 0.4751983 0.4526997 0.4585147 0.5261927 0.4558744 0.4821651
   SE        SE        SE       SE        SE        SE        SE       
SE 0.5623924 0.4383365 0.491876 0.4859586 0.5460889 0.5225694 0.5525528
   SE        SE        SE        SE       SE        SE        SE       
SE 0.7359039 0.4430338 0.5285318 0.497677 0.4857687 0.5403274 0.4178592
   SE        SE        SE        SE        SE        SE        SE       
SE 0.4106545 0.4505395 0.5564608 0.7912806 0.4349671 0.5008248 0.4405233
   SE        SE        SE        SE        SE       SE        SE       
SE 0.5385022 0.5589208 0.4742452 0.4042286 0.504639 0.5204911 0.4829057
   SE        SE        SE       SE        SE        SE        SE       
SE 0.4441532 0.4271692 0.529377 0.5025806 0.5086914 0.4632871 0.4455211
   SE        SE        SE        SE        SE        SE        SE       
SE 0.4989933 0.4817269 0.5760171 0.4717537 0.4778066 0.5706755 0.4692368
   SE        SE        SE        SE        SE        SE        SE       
SE 0.5907393 0.4090594 0.5343959 0.3692775 0.4979576 0.4388902 0.4616075
   SE        SE        SE        SE        SE        SE        SE       
SE 0.4134644 0.4238784 0.4553822 0.4961269 0.4857987 0.4400281 0.4936085
   SE        SE        SE        SE        SE       SE        SE      SE       
SE 0.5319712 0.4675913 0.4779689 0.6589956 0.475518 0.5424441 0.45438 0.4329925
   SE        SE        SE        SE        SE        SE       SE       
SE 0.4726356 0.4356715 0.4901369 0.5747864 0.4985869 0.519786 0.4387452
   SE        SE        SE        SE       SE        SE        SE       
SE 0.4819463 0.4965402 0.4707531 0.341019 0.5117661 0.4949905 0.5363594
   SE        SE        SE        SE        SE        SE        SE       
SE 0.5270327 0.5319236 0.4093362 0.5006757 0.5543053 0.5347503 0.5218947
   SE        SE       
SE 0.4536922 0.5397672
> Ebeta1
[1] 1.008961
> Etheta
[1] 3.110258
> bias_unbia
[1] 0.008960821

Exercise9.27
R Code
data <- read.table("C:/Users/mdoula01/Desktop/ECO653/MRW1992.txt",header=TRUE)
N <- matrix(data$N,ncol=1)
lndY <- matrix(log(data$Y85)-log(data$Y60),ncol=1)
lnY60 <- matrix(log(data$Y60),ncol=1)
lnI <- matrix(log(data$invest/100),ncol=1)
lnG <- matrix(log(data$pop_growth/100+0.05),ncol=1)
lnS <- matrix(log(data$school/100),ncol=1)
xx <- as.matrix(cbind(lnY60,lnI,lnG,lnS,matrix(1,nrow(lndY),1)))
x <- xx[N==1,]
y <- lndY[N==1]
n <- nrow(x)
k <- ncol(x)
# Unrestricted regression
invx <-solve(t(x)%*%x)
b_ols <- solve((t(x)%*%x),(t(x)%*%y))
e_ols <- rep((y-x%*%b_ols),times=k)
xe_ols <- x*e_ols
V_ols <- (n/(n-k))*invx%*%(t(xe_ols)%*%xe_ols)%*%invx
se_ols <- sqrt(diag(V_ols))
print(cbind(b_ols,se_ols))

# Constrained regression
R <- c(0,1,1,1,0)
iR <- invx%*%R%*%solve(t(R)%*%invx%*%R)%*%t(R)
b_cls <- b_ols - iR%*%b_ols
e_cls <- rep((y-x%*%b_cls),times=k)
xe_cls <- x*e_cls
V_tilde <- (n/(n-k+1))*invx%*%(t(xe_cls)%*%xe_cls)%*%invx
V_cls <- V_tilde - iR%*%V_tilde - V_tilde%*%t(iR) +iR%*%V_tilde%*%t(iR)
se_cls <- sqrt(diag(V_cls))
print(cbind(b_cls,se_cls))

# Unrestricted regression
print(cbind(b_ols,se_ols))
                    se_ols
[1,] -0.2883737 0.05427556
[2,]  0.5237367 0.10729137
[3,] -0.5056565 0.23603269
[4,]  0.2311171 0.06640414
[5,]  3.0215222 0.73730944
# Constrained regression
> print(cbind(b_cls,se_cls))
                    se_cls
[1,] -0.2979013 0.05278963
[2,]  0.5006704 0.09183351
[3,] -0.7358562 0.07769231
[4,]  0.2351858 0.06500286
[5,]  2.4569123 0.43902622
